$ANSIBLE_VAULT;1.1;AES256
35316238316230393033313462316238633839636133313733376235323465306664623034383764
3833643933666365383566363032316262336164373462370a396632336264336636373536343039
38666264643332363261663963353732626335353062336139353830303434643463383737356431
3265613138333662320a353730633735386239393738376439396462613932633336386263313138
38376438363238663534326338393262396230383365313635356339396533336439373934373737
35326436636364626330383234616363323132646165376436303735656362353032323734383362
62656231656166316337323639353661336662633431363238613166303331623364393064346639
63333466343733616466666461353130363733306533353661343938343466633232346130643163
61613866613364396361643863383234303238633638613566393936363264653235613730303566
64383863326339376431646436313639313633393430643936663963626531373164376236396332
38383761643065633832636333313038616136643864623533383937663535613864356163366231
36353866383931306663383261626137313837643230316238663962383961373134643831636465
32366539613638626234373537663266613361353962666234636166366332636230383166343462
66633032373436616461383965366132333836396632343963353965633935623265306138323361
31656139653561613531316534383761626634626533656265343134643939313961306663653863
62636563646337666666653139333230613730326262656364633731343865373264376631653561
65643135386238356237326163393761626661613766616538366439303334363361383934623132
32616163656263303539366265363066653036653063343930313565343832636536303363313530
66393336353330396266376361636262363633623636396530343637666264376333653032386565
37366630386661356137646431306537646430303830353135646436376230373430376335336536
30313934303538623831383464383863323731373565353637383966353039383464326562303738
66383939306534373438623064383333653261613538663965623638656138383662656232633433
33393237626137636265633462383533313536386462343862363839333230326434643331323061
39396666313530623939333332333234303632656161363266336639373933366532366132656266
35373432313631333837663536613137623435643466343065633936326436326132626566326164
38623164643838643764313531376638613035633433343539656632663638396464353039633763
33626635636662383565356238333238326133373361363037623261386663373863373465306432
34326564393165353732653863346633333733326464613261633831653862383561633963386164
30636534623564376464613837386562333538633234353839393162343336653431393032306562
35346564313233393131636432666461383161396637623034313464396631646132616661653765
37393434373065613562613538376539363132303830333436303465396534373635363138326265
66343132393837323663626131346435383262316338353231333865663435656637396265366332
30623265313039333263626132323435636563396435616366613761303661366534313232656332
66646466336561613962376137666664653363336132396235343664323134626336663663633837
30376561313762343833666562396133333661313365373334656637393835633230623062343032
66323637616438353035613532356337396365646230333061313836356265383832343337326233
38363131316437316161613864306235616266383235636634386434326538306139626464666162
32363830303331636132316233336362613430353234333130376661653031313234626262313432
30623537333034323136646163316431356561373138663339363361663031356563383531633364
61363931646431393064656461383330643232643337313731363364346165633562646461653136
65643263303264646365373832376563653764373264386365636637633631613361656365373364
32366135363937323038356338353965333937663732356332343735373832346661316139323438
65643239643631636330633066303332623232343139303331386336346139663130383439626237
35663636663032386437333930636330616661306231376537653338353239613564616638376233
34643331393935316165333664383730306562336537613933656136396139363565653337373630
39356338383663636564326561656335316364333039326639373930613939323061626633663338
38636662646332613635643639643135346566623663626361313332323866663961343934333035
63626139633662663861373030363565386436393962656238353764643064613766353331313935
32353036313763333161343661643635396135663932616561316138343935643635383833363436
38353031356466643933376130616432333964643031323232353964303236363638623734626533
62626130333230353631316635373662303562393961653631346430336536383436633661613265
39316265646265343765366161393631363561383862666566396237656531396131656164636666
39646264656137656630643261346437346334336136633162663363643531643365633364643364
63393630623737343537316634646165303935633862336332383831346332363334613038323163
31626566613265653334663761343636393536393435386638613032306564323339663431383439
35636238343765366436646433363835343062333031373738313834313731376161633631366234
33623438653830623865613166346238383663316165653636643663333238346163373661363965
34616531633932353939393634613431666363623135343435393735373837633862616232613763
34663965303938336631326365656261633736383066366434613163626536656632363537613732
36366466616566313764313332336565383561343537356364303330653465653433626365613961
37323137383861356632613134303933353935353334396565353764396465326237323835623734
34343938646132373636663265303031356432633439373138356535373561373735336639336630
32353237373633646431303234623337623731353635383530373566333231393966323130316231
36353536383762613931646161636336663230616638633331383064656162303962613636336666
66313730656232303631356635376361366530643939373235666635363663356632373935636461
63373733326166363337626466336165666462653666653634396631336562616230383661313636
39316236613262323032656334336636363537396164356436336338373537356637636632383165
64366465646562313062643035646163363366613764363534373330626563386564316337303166
35333066313061376634656438346239616464646566356262343666633232626366356163666265
32643939366337653732646134333333306636663838613038386235363336643838396166366464
34393139313135393666336638396666393532306536333865636132316162646234613561313534
65303363336337616335396364353161616337313733616162313536346362656339326662346232
64636364613238383236316535383165323162356234633334656239373062646663326437356462
38306566646637363866346237356637666165643863373562383931613864613232656533313862
34363563393139616462663461666433613336346261343531306163353865326632613032363936
32666137386337303065623731393334646631316335383466663636353033343961326539643733
35356237306136666631323033646236343465333836396337633832323736653830323734323332
38396364326430343839366566646636336137353639336137643630316363343538663061393861
64303031313031393765633164363162366135396230336539313931643733316361653965383534
62623132313831633663326565373838366666333332656133636132313237643534663039623638
36326634623161343566663633373831643663633633623036643035656437343133346461653462
65666531373432396231323865323934663230653839376533303539343362313238336334303635
64643136386430363934646663303064343932616463373361316236616334373734303234346534
63303334636530326165
